number of threads = 1 ...	1. empty = 2 possibilities
				2. empty = 4 possibilities
7777
8219
7873
7894
7982
8200
8035
8085
8869
8613

number of threads = 2

9817
9007
9013
8876
9893
11151
9267
9316
10876
9697

number of threads = 3
		second option for parallel	
10051		3679
9615		3289
9746		2992
9848		3065
9257		3918
9649		2951
9768		3108
9515		3071	
9526		3140
9912		3288

number of threads = 4

3364		3521
3246		3583
3424		3498
3431		3454
3384		3481
3501		3846
3558		3671
3310		3683
3433		3471
3472		3283

number of threads = 5

4247		10951
4016		11194
4860		11596
4633		12408
4782		11100
4297		12629
4183		11042
4252		11146
4113		12311
4806		11380

number of threads = 6

11946		12101
12784		12310
13078		12115
11938		12103
13017		14024
12835		13097
11705		11627
12681		12551
11844		13128
12690		12302

number of threads = 7

13521		6056	
13947		5495
13722		7578
13664		5817
12848		5909
13185		7389
14478		6944
14170		5727
13136		6504
14212		5567

number of threads = 8

6897		6507
5863		7052
5618		8482
6697		8573
6336		6493	
6037		6730
6068		6341
5723		6690
5462		6136
6548		5819

number of threads = 9

7235		7974	
6720		7807
6933		6563
7415		8980
6831		8517
7634		7349
9195		9089
7800		8104
6964		7675
6874		6804

number of threads = 10

7293		8458
8858		7834
7266		9053
8367		9416
7647		8616
7383		7783
7951		8451
8709		8499
7781		9066
8821		8721














