number of threads = 1 ... 	1. empty = 2
				2. empty = 2
2657
2910
2762
2787
2663
2845
2743
2698
2801
3138

number of threads = 2

3871
3678
3519
4695
3964
3903
3645
3387
3653
3671

number of threads = 3
		second option for parallel
4372		3047
4634		3611
4268		3232	
4232		2922
4331		3324
4117		3485
4397		4024
4606		3501
4133		3079
4380		2971

number of threads = 4
		stejne
3423		
3336
3859
3972
3415
3856
3518
4046
3661
3328

number of threads = 5
		stejne
5271
4485
5176
4416
5711
5949
5874
4318
4383
4212

number of threads = 6

4780		5940
4470		5014
5316		5304
4426		6116
4848		5412		
4745		4749
4722		5892
5874		5568
4627		6302
4779		5367

number of threads = 7

5878		6309
5477		5946
6176		6222		
6435		6449
6353		6084
5461		5853
5475		5921
6000		5762
5721		5753
6497		6821

number of threads = 8
 
6051		7441
5224		7468
6663		7120
6073		7967
6134		6925
6398		6030
6386		6588
5772		6237
5895		6635
5735		7416

number of threads = 9

6134		7323
6760		8376
7687		9759
7135		7468
7193		8709
7057		7516
7159		7312
7112		7533
7243		7032
7179		9517

number of threads = 10

7541		8369
9583		10116
7667		9836
7342		8618
7548		9283		
8160		10831
7506		9251
7858		8574
7845		9731
8763		8542





