number of threads = 1 ...... 	1. empty = 6 possibilities
				2. empty = 7 possibilities
6527061
6412108
6355991
6380031
6434561
6359442
6348805
6441306
6297668
6366967

number of threads = 2

5032174
5161394
4951818
5135507
5124941
5118691
5141097
5167014
4990454
5177095

number of threads = 3

3458550
3537660
3142428
3567330
3495693
3710309
4049791
3344136
3365244
3348171

number of threads = 4

3930868
4134607
3979143
4224902
3932647
4030396
4135727
3913246
4182837
4198377

number of threads = 5

4949238
4765017
4854754
4773569
4903856
4745780
4878124
4793599
4821082
4786301

number of threads = 6

5300770
5318265
5303300
5261597
5478752
5299741
5377967
5296100
5376392
5342785

number of threads = 7
		second option for parallel
5374954		8620579
5430807		8365317		
5292278		8450151
5343614		7387581
5343592		7861536
3576859		8218239
5342597		8272577
5373259		7874896
5320303		8015780
5396676		7995943

number of threads = 8

5331491		8531970
5352876		8400073
5363189		8720067
5422746		8760992
5304570		8539857
5395624		8588465
5288927		8395057
5404724		8364980
5380020		8347363
5405138		8425629

number of threads = 9

5381749		6854133
5384664		6596554
5307600		6524616
5415393		6676748
5289600		6701651
5408631		6327770
6503347		6653880
5336715		6818582
5347959		6829627
5318564		6737609
5397660		6541707

number of threads = 10

5393353		7540737
5409898		7098571
5323365		7026591
7379410		7206218
5367510		7336091
7314273		7120851
5316764		7811803
5391919		7559599
5344195		7824322
5398618		7339597
5286656		7217905
5675026		7478234








