number of threads = 1 ... 	1. empty = 5
				2. empty = 4
49762
49412
52421
49828
50175
51465
50791
50745
50173
50001

number of threads = 2

39467
33873
37900
35977
34019
32897
32354
37820
38424
36411

number of threads = 3

3337
3537
3605
3054
3443
3493
3392
3485
3344
3518

number of threads = 4

15588
17183
17292
17322
16064
20381
17428
17710
18253
15598

number of threads = 5

4662
5348
5923
4360
4165
5422
5353
4079
5297
4033

number of threads = 6

4740		6892
4448		5420
5428		5727
4902		4784
6925		6245
6004		6361
4620		5525
6203		5069
6027		5155
4935		6149

number of threads = 7

7196		6973
7250		6884
5530		6258
6535		6297
5329		5775
7329		7114
6378		6355
6805		6277
5831		6293
6080		6357

number of threads = 8

7034		7578
5934		7397
6672		6929
7469		9722
10384		6774
6679		10200
7736		8384
5542		8038		
7974		8097
6249		6700

number of threads = 9
		hodne podobne
6835		
6767
6540
6689
7585
7368
8941
7399
7641
6522

number of threads = 10

8854
7417
8071
7611
8378
8860
7673
8017
7366
7415




